---Resultado---
A = 10
B = 20
C = 5
R1 = -0.29289
R2 = -1.70711
